409
409
409
409
409
409
409
409
409
408
408
408
408
408
408
408
408
408
408
408
408
408
408
408
408
408
408
408
408
408
408
408
408
408
408
408
408
408
408
408
408
408
408
408
408
408
408
408
408
408
408
408
408
408
408
408
408
408
408
408
408
408
408
408
408
408
408
408
408
407
407
407
407
407
406
406
406
406
406
406
406
406
406
406
407
407
407
407
407
407
407
407
407
407
407
407
407
407
407
407
407
407
407
407
406
406
406
406
406
406
406
406
406
406
406
406
406
406
406
406
406
406
406
406
406
406
406
406
406
405
405
405
405
405
405
405
405
405
405
405
405
405
405
405
404
404
404
404
404
404
404
404
404
404
404
404
404
404
403
403
403
403
403
407
407
407
407
407
405
405
405
405
405
405
400
400
400
400
400
400
400
400
400
400
400
400
400
400
400
400
400
400
400
400
400
400
400
400
400
400
400
400
400
400
400
400
400
400
399
399
399
399
399
399
399
399
399
399
403
403
403
403
403
1427
1427
1427
1427
1427
2080
2080
2080
2080
2080
2684
2684
2684
2684
2684
3278
3278
3278
3278
3278
3278
3907
3907
3907
3907
3907
4504
4504
4504
4504
4504
5000
5000
5000
5000
5000
5000
5000
5000
5000
5000
5000
5000
5000
5000
5000
5000
5000
5000
5000
5000
5000
5000
5000
5000
5000
5000
5000
5000
5000
5000
5000
5000
5000
5000
5000
5000
5000
5000
5000
5000
5000
5000
5000
5000
5000
5000
5000
5000
5000
5000
5000
5000
5000
5000
5000
5000
5000
5000
5000
4721
4721
4721
4721
4721
4401
4401
4401
4401
4401
4087
4087
4087
4087
4087
3786
3786
3786
3786
3786
3513
3513
3513
3513
3513
3255
3255
3255
3255
3255
3024
3024
3024
3024
3024
2843
2843
2843
2843
2843
2677
2677
2677
2677
2516
2516
2516
2516
2516
2350
2350
2350
2350
2350
2206
2206
2206
2206
2206
2097
2097
2097
2097
2097
1972
1972
1972
1972
1972
1972
1864
1864
1864
1864
1864
1770
1770
1770
1770
1770
1685
1685
1685
1685
1685
1599
1599
1599
1599
1599
1520
1520
1520
1520
1520
1486
1486
1486
1486
1392
1392
1392
1392
1392
1315
1315
1315
1315
1315
1253
1253
1253
1253
1253
1214
1214
1214
1214
1214
1181
1181
1181
1181
1181
1137
1137
1137
1137
1137
1103
1103
1103
1103
1103
1063
1063
1063
1063
1063
1019
1019
1019
1019
1019
1019
866
866
866
866
799
799
799
799
799
691
691
691
691
691
580
580
580
580
580
544
544
544
544
544
536
536
536
536
536
526
526
526
526
526
521
521
521
521
521
518
518
518
518
518
518
518
518
518
518
518
518
518
518
521
521
521
521
521
513
513
513
513
513
508
508
508
508
508
508
503
503
503
503
503
503
503
503
503
503
470
470
470
470
470
445
445
445
445
445
439
439
439
439
439
425
425
425
425
425
409
409
409
409
409
409
409
409
409
400
400
400
400
400
400
400
400
400
400
400
400
400
400
400
400
400
400
400
400
400
400
400
400
400
400
400
400
400
400
400
400
400
400
400
400
400
400
400
400
400
400
400
400
400
400
399
399
399
399
399
399
399
399
399
400
400
400
400
400
400
400
400
400
400
400
400
400
400
400
400
400
400
400
400
400
400
400
400
400
399
399
399
399
399
399
399
399
399
399
399
399
399
399
399
400
400
400
400
400
400
400
400
400
400
400
400
400
400
400
400
400
400
400
400
400
400
400
400
400
400
400
400
400
400
400
400
400
400
399
399
399
399
399
400
400
400
400
400
400
400
400
400
400
400
400
400
400
400
400
400
400
400
400
400
400
400
400
400
400
400
400
400
400
400
400
400
400
400
400
400
400
400
400
400
400
400
400
400
400
400
400
400
400
400
400
400
400
400
400
400
400
400
400
400
400
400
400
400
400
400
400
400
400
400
400
400
400
400
400
400
400
400
400
400
400
400
400
400
400
400
400
400
400
400
400
400
400
400
400
400
400
400
400
400
400
400
400
400
400
400
400
400
400
400
400
400
400
400
400
400
400
400
400
400
400
400
400
400
400
400
400
400
400
400
400
400
400
400
400
400
400
400
400
400
400
400
400
400
400
400
400
400
400
400
400
400
400
400
400
400
400
400
400
400
400
400
400
400
400
400
400
400
400
400
400
400
400
400
400
400
400
400
400
400
400
400
400
400
400
400
400
400
400
400
400
400
400
400
400
400
400
400
400
400
400
400
400
400
400
400
400
400
400
400
400
400
400
400
400
400
400
400
400
400
400
400
400
400
400
400
400
400
400
400
400
400
400
400
400
400
400
400
400
400
400
400
400
400
400
400
400
400
400
400
400
400
400
400
400
400
400
400
400
400
400
400
400
400
400
400
400
400
400
400
400
400
400
400
400
400
400
400
400
400
400
400
400
400
400
400
400
400
400
400
400
400
400
400
400
400
400
400
400
